24
01
00
64
24
02
00
c8
00
22
18
20
ac
03
00
00
00
22
18
21
ac
03
00
04
00
22
18
22
ac
03
00
08
00
22
18
23
ac
03
00
0c
3c
01
ab
cd
34
29
12
34
3c
01
12
34
34
2a
ab
cd
01
2a
18
24
ac
03
00
10
01
2a
18
25
ac
03
00
14
01
2a
18
26
ac
03
00
18
01
2a
18
27
ac
03
00
1c
20
01
ff
ff
24
02
00
01
00
22
18
2a
00
22
20
2b
ac
03
00
20
ac
04
00
24
3c
01
f0
12
34
29
34
56
00
09
51
40
ac
0a
00
28
00
09
51
42
ac
0a
00
2c
00
09
51
43
ac
0a
00
30
24
0a
00
05
01
49
58
04
ac
0b
00
34
01
49
58
06
ac
0b
00
38
01
49
58
07
ac
0b
00
3c
24
09
00
e9
24
0a
00
e9
24
0b
02
9a
24
11
00
00
24
12
00
05
0c
00
00
33
ac
11
00
40
08
00
00
37
12
32
00
02
22
31
00
01
08
00
00
33
03
e0
00
08
34
11
ff
ff
ac
11
00
44
