24
01
00
0c
ac
01
00
00
24
01
00
25
ac
01
00
04
24
01
00
20
ac
01
00
08
24
01
00
0a
ac
01
00
0c
24
01
00
13
ac
01
00
10
24
01
00
1b
ac
01
00
14
24
1d
00
14
24
13
00
06
00
00
80
21
02
13
40
2a
11
00
00
14
22
11
ff
ff
2a
28
00
00
15
00
00
09
00
11
48
80
8d
2a
00
00
8d
2b
00
04
01
6a
40
2a
11
00
00
04
00
11
28
21
0c
00
00
1f
22
31
ff
ff
08
00
00
12
22
10
00
01
08
00
00
0f
00
05
48
80
8d
28
00
00
8d
2a
00
04
ad
28
00
04
ad
2a
00
00
03
e0
00
08
